{
 "cells": [
  {
   "cell_type": "markdown",
   "metadata": {},
   "source": [
    "# Лабораторная работа №2\n",
    "\n",
    "# Решение задач линейного программирования с помощью симплекс метода"
   ]
  },
  {
   "cell_type": "markdown",
   "metadata": {},
   "source": [
    "### Выполнил: Яковлев Артур, 853501"
   ]
  },
  {
   "cell_type": "markdown",
   "metadata": {},
   "source": [
    "### Проверила: Костюкова О.И."
   ]
  },
  {
   "cell_type": "markdown",
   "metadata": {},
   "source": [
    "#### Вариант 28"
   ]
  },
  {
   "cell_type": "markdown",
   "metadata": {},
   "source": [
    "Загрузка библиотек, необходимых для решения задачи"
   ]
  },
  {
   "cell_type": "code",
   "execution_count": 1,
   "metadata": {},
   "outputs": [],
   "source": [
    "import numpy as np\n",
    "import scipy.linalg as sla"
   ]
  },
  {
   "cell_type": "markdown",
   "metadata": {},
   "source": [
    "Исходные данные для варианта 28 "
   ]
  },
  {
   "cell_type": "code",
   "execution_count": 17,
   "metadata": {},
   "outputs": [],
   "source": [
    "dataset1 = (\n",
    "    np.array([\n",
    "        [1, 2, -1, 0, 3, 2, 3, 1, 5],\n",
    "        [1, 0, 0, -1, -1, -3, 0, -6, 1],\n",
    "        [0, 1, -4, 1, 3, 1, 0, 1, 0],\n",
    "        [1, 2, -3, 1, -1, 2, 5, 0, 4],  # Матрица А\n",
    "    ]),\n",
    "    np.array([-1, -3, 1, -5, 2, -3, 1, -1, -1]),  # вектор с\n",
    "    np.array([28.0, 59.0, -3.0, 3.0]),  # вектор b (в данной части не используется)\n",
    "    [0, 3, 4, 7],  # индексы базисного плана\n",
    ")\n",
    "initial_plan = np.array([2, 0, 0, 7, 6, 0, 0, 8, 0])  # вектор базисного плана"
   ]
  },
  {
   "cell_type": "markdown",
   "metadata": {},
   "source": [
    "Реализуем функции для расчета вектора ${\\Delta_j}$"
   ]
  },
  {
   "cell_type": "code",
   "execution_count": 3,
   "metadata": {},
   "outputs": [],
   "source": [
    "def approx(pot, opp_idx, A, c):\n",
    "    results = [0.0] * A.shape[1]\n",
    "    all_pos = True\n",
    "    for i in opp_idx:\n",
    "        results[i] = pot.dot(A[:, i]) - c[i]\n",
    "        if np.abs(results[i]) < 1e-9:\n",
    "            results[i] = 0.0\n",
    "        elif results[i] < 0:\n",
    "            all_pos = False\n",
    "    return results if not all_pos else None"
   ]
  },
  {
   "cell_type": "markdown",
   "metadata": {},
   "source": [
    "Далее реализуем сам алгоритм решения. В данной части мы проверяем, существует ли конечное решение задачи, и находим новый базисный план, если это возможно. Также в конце обновляем значение матрицы B по формуле $B' = MB$, где матрица M назодится аналогично заданию первой лабораторной."
   ]
  },
  {
   "cell_type": "code",
   "execution_count": 10,
   "metadata": {},
   "outputs": [],
   "source": [
    "def get_next_solution(dataset, B, x):\n",
    "    A = dataset[0]\n",
    "    c = dataset[1]\n",
    "    b = dataset[2]\n",
    "    idx = dataset[3]\n",
    "    size = A.shape[1]\n",
    "    opposite_idx = set(range(size))\n",
    "    for i in idx:\n",
    "        opposite_idx.remove(i)\n",
    "    A_b = A[:, idx]\n",
    "    c_b = c[idx]\n",
    "    print(\"A_b: \")\n",
    "    print(A_b)\n",
    "    if B is None:\n",
    "        B = sla.inv(A_b)\n",
    "    \n",
    "    print(\"B: \", B)\n",
    "    print(\"Step 1\")\n",
    "    pot = np.dot(c_b, B)\n",
    "    print(\"U: \", pot)\n",
    "    approximation = approx(pot, opposite_idx, A, c)\n",
    "    if approximation is None:\n",
    "        print(f\"{x} is already the most optimized plan\")\n",
    "        return x, None\n",
    "    print(\"Approx: \", approximation)\n",
    "\n",
    "    j = -1\n",
    "    min_delta = 0\n",
    "    for i in range(len(approximation)):\n",
    "        if approximation[i] < min_delta:\n",
    "            j = i\n",
    "            min_delta = approximation[i]\n",
    "    \n",
    "    # print(\"J: \", j)\n",
    "    # print(\"delta: \", min_delta)\n",
    "    if j == -1:\n",
    "        return None\n",
    "    \n",
    "    z = B.dot(A[:, j])\n",
    "    print(\"Step 3\")\n",
    "    pos_idx = []\n",
    "    for i in range(len(z)):\n",
    "        if z[i] > 0.0:\n",
    "            pos_idx.append(i)\n",
    "        \n",
    "    print(\"z: \", z)\n",
    "    \n",
    "    if len(pos_idx) == 0:\n",
    "        return None, None\n",
    "    \n",
    "    min_value = None\n",
    "    \n",
    "    print(\"Step 4\")\n",
    "    for i in range(len(z)):\n",
    "        value = x[idx[i]] / z[i]\n",
    "        print(\"theta = \", value)\n",
    "        if (min_value is None or value < min_value or np.abs(value - min_value) < 1e-9) and value > 1e-9:\n",
    "            min_value = value\n",
    "            x_idx = idx[i]\n",
    "            z_idx = i\n",
    "    \n",
    "    print(\"final theta = \", min_value)\n",
    "    print(\"index: \", z_idx)\n",
    "    \n",
    "    if min_value is None:\n",
    "        print(\"Some error occured\")\n",
    "        return None, None\n",
    "    \n",
    "    new_x = np.zeros(x.shape)\n",
    "    print(\"Step 5\")\n",
    "    print(\"Обновим план\")\n",
    "    print(\"Old x: \", x)\n",
    "    for i in range(len(z)):\n",
    "        new_x[idx[i]] = x[idx[i]] - min_value * z[i]\n",
    "        if np.abs(new_x[idx[i]]) < 1e-9:\n",
    "            new_x[idx[i]] = 0.0\n",
    "    new_x[j] = min_value\n",
    "    print(\"New x: \", new_x)\n",
    "    idx.remove(x_idx)\n",
    "    idx.append(j)\n",
    "    idx.sort()\n",
    "    # print(\"idx: \", idx)\n",
    "    M = np.eye(len(z))\n",
    "    d = np.zeros(len(z))\n",
    "    for i in range(len(z)):\n",
    "        d[i] = -z[i]\n",
    "    print(\"Step 6\")\n",
    "    d[z_idx] = 1\n",
    "    d /= z[z_idx]\n",
    "    M[:, z_idx] = d\n",
    "    print(f\"M = {M}\")\n",
    "    B = M.dot(B)\n",
    "    return new_x, B"
   ]
  },
  {
   "cell_type": "markdown",
   "metadata": {},
   "source": [
    "Теперь с помощью реализации одной итерации, мы можем найти оптимальный план для нашей задачи"
   ]
  },
  {
   "cell_type": "code",
   "execution_count": 16,
   "metadata": {},
   "outputs": [],
   "source": [
    "def solve(dataset, init_plan, max_iter=100):\n",
    "    curr_plan = init_plan\n",
    "    B = None\n",
    "    for i in range(max_iter):\n",
    "        print(\"\\n=====================================\\n\")\n",
    "        print(f\"Iteration {i}\")\n",
    "        new_plan, B = get_next_solution(dataset, B, curr_plan)\n",
    "        if curr_plan is None:\n",
    "            print(\"No solution as function has no upper bound\")\n",
    "            break\n",
    "        plans_equal = True\n",
    "        for i in range(len(curr_plan)):\n",
    "            if np.abs(new_plan[i] - curr_plan[i]) != 0:\n",
    "                plans_equal = False\n",
    "                break\n",
    "        \n",
    "        if plans_equal:\n",
    "            print(curr_plan)\n",
    "            break\n",
    "        else:\n",
    "            curr_plan = new_plan\n",
    "    print(f\"\\n\\nFinal plan: {curr_plan}\")"
   ]
  },
  {
   "cell_type": "code",
   "execution_count": 18,
   "metadata": {},
   "outputs": [
    {
     "name": "stdout",
     "output_type": "stream",
     "text": [
      "\n",
      "=====================================\n",
      "\n",
      "Iteration 0\n",
      "A_b: \n",
      "[[ 1  0  3  1]\n",
      " [ 1 -1 -1 -6]\n",
      " [ 0  1  3  1]\n",
      " [ 1  1 -1  0]]\n",
      "B:  [[ 0.55   0.025 -0.4    0.425]\n",
      " [-0.45   0.025  0.6    0.425]\n",
      " [ 0.1    0.05   0.2   -0.15 ]\n",
      " [ 0.15  -0.175 -0.2    0.025]]\n",
      "Step 1\n",
      "U:  [ 1.75   0.125 -2.    -2.875]\n",
      "Approx:  [0.0, -1.2499999999999991, 13.875, 0.0, 0.0, -1.6249999999999973, -10.124999999999998, 0.0, -1.6249999999999982]\n",
      "Step 3\n",
      "z:  [ 3.775  0.775 -0.45   0.575]\n",
      "Step 4\n",
      "theta =  0.5298013245033112\n",
      "theta =  9.032258064516133\n",
      "theta =  -13.333333333333332\n",
      "theta =  13.913043478260867\n",
      "final theta =  0.5298013245033112\n",
      "index:  0\n",
      "Step 5\n",
      "Обновим план\n",
      "Old x:  [2 0 0 7 6 0 0 8 0]\n",
      "New x:  [0.         0.         0.         6.58940397 6.2384106  0.\n",
      " 0.52980132 7.69536424 0.        ]\n",
      "Step 6\n",
      "M = [[ 0.26490066  0.          0.          0.        ]\n",
      " [-0.20529801  1.          0.          0.        ]\n",
      " [ 0.1192053   0.          1.          0.        ]\n",
      " [-0.15231788  0.          0.          1.        ]]\n",
      "\n",
      "=====================================\n",
      "\n",
      "Iteration 1\n",
      "A_b: \n",
      "[[ 0  3  3  1]\n",
      " [-1 -1  0 -6]\n",
      " [ 1  3  0  1]\n",
      " [ 1 -1  5  0]]\n",
      "B:  [[ 0.14569536  0.00662252 -0.10596026  0.11258278]\n",
      " [-0.56291391  0.01986755  0.68211921  0.33774834]\n",
      " [ 0.16556291  0.05298013  0.15231788 -0.09933775]\n",
      " [ 0.06622517 -0.17880795 -0.13907285 -0.0397351 ]]\n",
      "Step 1\n",
      "U:  [-1.75496689  0.2384106   2.18543046  0.05298013]\n",
      "Approx:  [-0.46357615894039705, 1.781456953642384, -8.145695364238412, 0.0, 0.0, 1.066225165562913, 0.0, 0.0, -7.324503311258278]\n",
      "Step 3\n",
      "z:  [-0.05960265 -3.17880795 -0.47682119  0.60927152]\n",
      "Step 4\n",
      "theta =  -110.55555555555561\n",
      "theta =  -1.9625\n",
      "theta =  -1.111111111111111\n",
      "theta =  12.630434782608695\n",
      "final theta =  12.630434782608695\n",
      "index:  3\n",
      "Step 5\n",
      "Обновим план\n",
      "Old x:  [0.         0.         0.         6.58940397 6.2384106  0.\n",
      " 0.52980132 7.69536424 0.        ]\n",
      "New x:  [ 0.          0.         12.63043478  7.34221134 46.38813706  0.\n",
      "  6.55226029  0.          0.        ]\n",
      "Step 6\n",
      "M = [[1.         0.         0.         0.09782609]\n",
      " [0.         1.         0.         5.2173913 ]\n",
      " [0.         0.         1.         0.7826087 ]\n",
      " [0.         0.         0.         1.64130435]]\n",
      "\n",
      "=====================================\n",
      "\n",
      "Iteration 2\n",
      "A_b: \n",
      "[[-1  0  3  3]\n",
      " [ 0 -1 -1  0]\n",
      " [-4  1  3  0]\n",
      " [-3  1 -1  5]]\n",
      "B:  [[ 0.15217391 -0.01086957 -0.11956522  0.10869565]\n",
      " [-0.2173913  -0.91304348 -0.04347826  0.13043478]\n",
      " [ 0.2173913  -0.08695652  0.04347826 -0.13043478]\n",
      " [ 0.10869565 -0.29347826 -0.22826087 -0.06521739]]\n",
      "Step 1\n",
      "U:  [ 1.7826087   4.08695652 -0.04347826 -0.86956522]\n",
      "Approx:  [5.999999999999999, 4.782608695652174, 0.0, 0.0, 0.0, -7.478260869565217, 0.0, -21.782608695652172, 10.521739130434781]\n",
      "Step 3\n",
      "z:  [0.09782609 5.2173913  0.7826087  1.64130435]\n",
      "Step 4\n",
      "theta =  129.1111111111111\n",
      "theta =  1.4072571743929363\n",
      "theta =  59.27373068432671\n",
      "theta =  3.992105609403096\n",
      "final theta =  1.4072571743929363\n",
      "index:  1\n",
      "Step 5\n",
      "Обновим план\n",
      "Old x:  [ 0.          0.         12.63043478  7.34221134 46.38813706  0.\n",
      "  6.55226029  0.          0.        ]\n",
      "New x:  [ 0.          0.         12.49276832  0.         45.28680536  0.\n",
      "  4.24252297  1.40725717  0.        ]\n",
      "Step 6\n",
      "M = [[ 1.         -0.01875     0.          0.        ]\n",
      " [ 0.          0.19166667  0.          0.        ]\n",
      " [ 0.         -0.15        1.          0.        ]\n",
      " [ 0.         -0.31458333  0.          1.        ]]\n",
      "\n",
      "=====================================\n",
      "\n",
      "Iteration 3\n",
      "A_b: \n",
      "[[-1  3  3  1]\n",
      " [ 0 -1  0 -6]\n",
      " [-4  3  0  1]\n",
      " [-3 -1  5  0]]\n",
      "B:  [[ 0.15625     0.00625    -0.11875     0.10625   ]\n",
      " [-0.04166667 -0.175      -0.00833333  0.025     ]\n",
      " [ 0.25        0.05        0.05       -0.15      ]\n",
      " [ 0.17708333 -0.00625    -0.21458333 -0.10625   ]]\n",
      "Step 1\n",
      "U:  [ 0.14583333 -0.2875      0.12916667  0.1125    ]\n",
      "[ 0.          0.         12.49276832  0.         45.28680536  0.\n",
      "  4.24252297  1.40725717  0.        ] is already the most optimized plan\n",
      "[ 0.          0.         12.49276832  0.         45.28680536  0.\n",
      "  4.24252297  1.40725717  0.        ]\n",
      "\n",
      "\n",
      "Final plan: [ 0.          0.         12.49276832  0.         45.28680536  0.\n",
      "  4.24252297  1.40725717  0.        ]\n"
     ]
    }
   ],
   "source": [
    "# Before using this, activate part with dataset, otherwise some entries might have wrong values assigned to them\n",
    "solve(dataset1, initial_plan)"
   ]
  },
  {
   "cell_type": "markdown",
   "metadata": {},
   "source": [
    "Рассмотрим решение задачи для другого варианта"
   ]
  },
  {
   "cell_type": "code",
   "execution_count": 20,
   "metadata": {},
   "outputs": [],
   "source": [
    "dataset2 = (\n",
    "    np.array([\n",
    "        [1, 2, -1, 0, 3, 2, 3, 1, 5],\n",
    "        [1, 0, 0, -1, -1, -3, 0, -6, 1],\n",
    "        [0, 1, -4, 1, 3, 1, 0, 1, 0],\n",
    "        [1, 2, -3, 1, -1, 2, 5, 0, 4],  # Матрица А\n",
    "    ]),\n",
    "    np.array([-1, -1, -1, -5, 1, -3, 1, -1, -1]),  # вектор с\n",
    "    np.array([28.0, 59.0, -3.0, 3.0]),  # вектор b (в данной части не используется)\n",
    "    [0, 1, 2, 7],  # индексы базисного плана\n",
    ")\n",
    "initial_plan2 = np.array([2, 4, 2, 0, 0, 0, 0, 4, 0])  # вектор базисного плана"
   ]
  },
  {
   "cell_type": "code",
   "execution_count": 21,
   "metadata": {},
   "outputs": [
    {
     "name": "stdout",
     "output_type": "stream",
     "text": [
      "\n",
      "=====================================\n",
      "\n",
      "Iteration 0\n",
      "A_b: \n",
      "[[ 1  2 -1  1]\n",
      " [ 1  0  0 -6]\n",
      " [ 0  1 -4  1]\n",
      " [ 1  2 -3  0]]\n",
      "B:  [[-10.          -3.          -8.          14.        ]\n",
      " [  7.           2.           5.          -9.        ]\n",
      " [  1.33333333   0.33333333   0.66666667  -1.66666667]\n",
      " [ -1.66666667  -0.66666667  -1.33333333   2.33333333]]\n",
      "Step 1\n",
      "U:  [ 3.33333333  1.33333333  3.66666667 -5.66666667]\n",
      "Approx:  [0.0, 0.0, 0.0, 1.6666666666666647, 24.33333333333335, -2.0000000000000018, -19.333333333333343, 0.0, -3.6666666666666643]\n",
      "Step 3\n",
      "z:  [ 40.         -24.          -4.33333333   6.66666667]\n",
      "Step 4\n",
      "theta =  0.04999999999999998\n",
      "theta =  -0.16666666666666663\n",
      "theta =  -0.4615384615384614\n",
      "theta =  0.5999999999999998\n",
      "final theta =  0.04999999999999998\n",
      "index:  0\n",
      "Step 5\n",
      "Обновим план\n",
      "Old x:  [2 4 2 0 0 0 0 4 0]\n",
      "New x:  [0.         5.2        2.21666667 0.         0.         0.\n",
      " 0.05       3.66666667 0.        ]\n",
      "Step 6\n",
      "M = [[ 0.025       0.          0.          0.        ]\n",
      " [ 0.6         1.          0.          0.        ]\n",
      " [ 0.10833333  0.          1.          0.        ]\n",
      " [-0.16666667  0.          0.          1.        ]]\n",
      "\n",
      "=====================================\n",
      "\n",
      "Iteration 1\n",
      "A_b: \n",
      "[[ 2 -1  3  1]\n",
      " [ 0  0  0 -6]\n",
      " [ 1 -4  0  1]\n",
      " [ 2 -3  5  0]]\n",
      "B:  [[-2.50000000e-01 -7.50000000e-02 -2.00000000e-01  3.50000000e-01]\n",
      " [ 1.00000000e+00  2.00000000e-01  2.00000000e-01 -6.00000000e-01]\n",
      " [ 2.50000000e-01  8.33333333e-03 -2.00000000e-01 -1.50000000e-01]\n",
      " [ 4.44089210e-16 -1.66666667e-01  2.22044605e-16 -4.44089210e-16]]\n",
      "Step 1\n",
      "U:  [-0.5   0.05 -0.2   0.1 ]\n",
      "Approx:  [0.6499999999999997, 0.0, 0.0, 4.85, -3.250000000000004, 1.8499999999999992, 0.0, 0.0, -1.0500000000000025]\n",
      "Step 3\n",
      "z:  [-1.625       4.          0.29166667  0.16666667]\n",
      "Step 4\n",
      "theta =  -3.1999999999999993\n",
      "theta =  0.5541666666666667\n",
      "theta =  0.17142857142857204\n",
      "theta =  21.99999999999968\n",
      "final theta =  0.17142857142857204\n",
      "index:  2\n",
      "Step 5\n",
      "Обновим план\n",
      "Old x:  [0.         5.2        2.21666667 0.         0.         0.\n",
      " 0.05       3.66666667 0.        ]\n",
      "New x:  [0.         5.47857143 1.53095238 0.         0.17142857 0.\n",
      " 0.         3.63809524 0.        ]\n",
      "Step 6\n",
      "M = [[  1.           0.           5.57142857   0.        ]\n",
      " [  0.           1.         -13.71428571   0.        ]\n",
      " [  0.           0.           3.42857143   0.        ]\n",
      " [  0.           0.          -0.57142857   1.        ]]\n",
      "\n",
      "=====================================\n",
      "\n",
      "Iteration 2\n",
      "A_b: \n",
      "[[ 2 -1  3  1]\n",
      " [ 0  0 -1 -6]\n",
      " [ 1 -4  3  1]\n",
      " [ 2 -3 -1  0]]\n",
      "B:  [[ 1.14285714 -0.02857143 -1.31428571 -0.48571429]\n",
      " [-2.42857143  0.08571429  2.94285714  1.45714286]\n",
      " [ 0.85714286  0.02857143 -0.68571429 -0.51428571]\n",
      " [-0.14285714 -0.17142857  0.11428571  0.08571429]]\n",
      "Step 1\n",
      "U:  [ 2.28571429  0.14285714 -2.42857143 -1.57142857]\n",
      "Approx:  [1.8571428571428632, 0.0, 0.0, 0.8571428571428408, 0.0, 1.5714285714285716, -1.9999999999999905, 0.0, 6.285714285714319]\n",
      "Step 3\n",
      "z:  [ 1.00000000e+00 -1.06581410e-14  3.10862447e-15 -1.33226763e-15]\n",
      "Step 4\n",
      "theta =  5.478571428571403\n",
      "theta =  -143641595257898.03\n",
      "theta =  55146117886169.54\n",
      "theta =  -2730754059770681.5\n",
      "final theta =  5.478571428571403\n",
      "index:  0\n",
      "Step 5\n",
      "Обновим план\n",
      "Old x:  [0.         5.47857143 1.53095238 0.         0.17142857 0.\n",
      " 0.         3.63809524 0.        ]\n",
      "New x:  [0.         0.         1.53095238 0.         0.17142857 0.\n",
      " 5.47857143 3.63809524 0.        ]\n",
      "Step 6\n",
      "M = [[ 1.00000000e+00  0.00000000e+00  0.00000000e+00  0.00000000e+00]\n",
      " [ 1.06581410e-14  1.00000000e+00  0.00000000e+00  0.00000000e+00]\n",
      " [-3.10862447e-15  0.00000000e+00  1.00000000e+00  0.00000000e+00]\n",
      " [ 1.33226763e-15  0.00000000e+00  0.00000000e+00  1.00000000e+00]]\n",
      "\n",
      "=====================================\n",
      "\n",
      "Iteration 3\n",
      "A_b: \n",
      "[[-1  3  3  1]\n",
      " [ 0 -1  0 -6]\n",
      " [-4  3  0  1]\n",
      " [-3 -1  5  0]]\n",
      "B:  [[ 1.14285714 -0.02857143 -1.31428571 -0.48571429]\n",
      " [-2.42857143  0.08571429  2.94285714  1.45714286]\n",
      " [ 0.85714286  0.02857143 -0.68571429 -0.51428571]\n",
      " [-0.14285714 -0.17142857  0.11428571  0.08571429]]\n",
      "Step 1\n",
      "U:  [-2.57142857  0.31428571  3.45714286  1.34285714]\n",
      "Approx:  [0.0857142857142863, 1.9999999999999987, 0.0, 9.485714285714282, 0.0, 3.0571428571428574, 0.0, 0.0, -6.171428571428567]\n",
      "Step 3\n",
      "z:  [ 3.74285714 -6.22857143  2.25714286 -0.54285714]\n",
      "Step 4\n",
      "theta =  0.4090330788804223\n",
      "theta =  -0.027522935779813892\n",
      "theta =  2.427215189873409\n",
      "theta =  -6.701754385964907\n",
      "final theta =  0.4090330788804223\n",
      "index:  0\n",
      "Step 5\n",
      "Обновим план\n",
      "Old x:  [0.         0.         1.53095238 0.         0.17142857 0.\n",
      " 5.47857143 3.63809524 0.        ]\n",
      "New x:  [0.         0.         0.         0.         2.71912032 0.\n",
      " 4.55532534 3.86014177 0.40903308]\n",
      "Step 6\n",
      "M = [[ 0.26717557  0.          0.          0.        ]\n",
      " [ 1.66412214  1.          0.          0.        ]\n",
      " [-0.60305344  0.          1.          0.        ]\n",
      " [ 0.14503817  0.          0.          1.        ]]\n",
      "\n",
      "=====================================\n",
      "\n",
      "Iteration 4\n",
      "A_b: \n",
      "[[ 3  3  1  5]\n",
      " [-1  0 -6  1]\n",
      " [ 3  0  1  0]\n",
      " [-1  5  0  4]]\n",
      "B:  [[ 0.30534351 -0.00763359 -0.35114504 -0.12977099]\n",
      " [-0.52671756  0.03816794  0.75572519  0.64885496]\n",
      " [ 0.16793893  0.04580153  0.10687023 -0.22137405]\n",
      " [ 0.02290076 -0.17557252 -0.07633588  0.01526718]]\n",
      "Step 1\n",
      "U:  [-0.41221374  0.16030534  0.3740458   0.72519084]\n",
      "Approx:  [1.4732824427480915, 2.0, -2.2595419847328246, 5.938931297709924, 0.0, 3.519083969465649, 0.0, 0.0, 0.0]\n",
      "Step 3\n",
      "z:  [ 1.48854962 -4.44274809  0.06870229  0.23664122]\n",
      "Step 4\n",
      "theta =  1.8266910866911392\n",
      "theta =  -1.025339551628198\n",
      "theta =  56.18650793650825\n",
      "theta =  1.7284946236559873\n",
      "final theta =  1.7284946236559873\n",
      "index:  3\n",
      "Step 5\n",
      "Обновим план\n",
      "Old x:  [0.         0.         0.         0.         2.71912032 0.\n",
      " 4.55532534 3.86014177 0.40903308]\n",
      "New x:  [ 0.          0.          1.72849462  0.          0.14617031  0.\n",
      " 12.23459153  3.74139023  0.        ]\n",
      "Step 6\n",
      "M = [[ 1.          0.          0.         -6.29032258]\n",
      " [ 0.          1.          0.         18.77419355]\n",
      " [ 0.          0.          1.         -0.29032258]\n",
      " [ 0.          0.          0.          4.22580645]]\n",
      "\n",
      "=====================================\n",
      "\n",
      "Iteration 5\n",
      "A_b: \n",
      "[[-1  3  3  1]\n",
      " [ 0 -1  0 -6]\n",
      " [-4  3  0  1]\n",
      " [-3 -1  5  0]]\n",
      "B:  [[ 0.16129032  1.09677419  0.12903226 -0.22580645]\n",
      " [-0.09677419 -3.25806452 -0.67741935  0.93548387]\n",
      " [ 0.16129032  0.09677419  0.12903226 -0.22580645]\n",
      " [ 0.09677419 -0.74193548 -0.32258065  0.06451613]]\n",
      "Step 1\n",
      "U:  [-0.19354839 -3.51612903 -0.35483871  0.87096774]\n",
      "Approx:  [-1.83870967741937, 2.0000000000000058, 0.0, 9.03225806451615, 0.0, 14.54838709677426, 0.0, 0.0, 0.0]\n",
      "Step 3\n",
      "z:  [ 1.03225806 -2.41935484  0.03225806 -0.58064516]\n",
      "Step 4\n",
      "theta =  1.674479166666731\n",
      "theta =  -0.06041706046284884\n",
      "theta =  379.27233733188405\n",
      "theta =  -6.443505391978657\n",
      "final theta =  1.674479166666731\n",
      "index:  0\n",
      "Step 5\n",
      "Обновим план\n",
      "Old x:  [ 0.          0.          1.72849462  0.          0.14617031  0.\n",
      " 12.23459153  3.74139023  0.        ]\n",
      "New x:  [ 1.67447917  0.          0.          0.          4.19732958  0.\n",
      " 12.18057607  4.71366845  0.        ]\n",
      "Step 6\n",
      "M = [[ 0.96875  0.       0.       0.     ]\n",
      " [ 2.34375  1.       0.       0.     ]\n",
      " [-0.03125  0.       1.       0.     ]\n",
      " [ 0.5625   0.       0.       1.     ]]\n",
      "\n",
      "=====================================\n",
      "\n",
      "Iteration 6\n",
      "A_b: \n",
      "[[ 1  3  3  1]\n",
      " [ 1 -1  0 -6]\n",
      " [ 0  3  0  1]\n",
      " [ 1 -1  5  0]]\n",
      "B:  [[ 0.15625  1.0625   0.125   -0.21875]\n",
      " [ 0.28125 -0.6875  -0.375    0.40625]\n",
      " [ 0.15625  0.0625   0.125   -0.21875]\n",
      " [ 0.1875  -0.125   -0.25    -0.0625 ]]\n",
      "Step 1\n",
      "U:  [ 0.09375 -1.5625  -0.125    0.46875]\n",
      "[ 1.67447917  0.          0.          0.          4.19732958  0.\n",
      " 12.18057607  4.71366845  0.        ] is already the most optimized plan\n",
      "[ 1.67447917  0.          0.          0.          4.19732958  0.\n",
      " 12.18057607  4.71366845  0.        ]\n",
      "\n",
      "\n",
      "Final plan: [ 1.67447917  0.          0.          0.          4.19732958  0.\n",
      " 12.18057607  4.71366845  0.        ]\n"
     ]
    }
   ],
   "source": [
    "# Update prev sell before launch\n",
    "solve(dataset2, initial_plan2)"
   ]
  },
  {
   "cell_type": "markdown",
   "metadata": {},
   "source": [
    "\n",
    "\n",
    "\n",
    "**Теперь с помощью данного алгоритма решим задачу оптимизации.**"
   ]
  },
  {
   "cell_type": "code",
   "execution_count": 9,
   "metadata": {},
   "outputs": [
    {
     "data": {
