{
 "cells": [
  {
   "cell_type": "markdown",
   "id": "clean-black",
   "metadata": {},
   "source": [
    "# Лабораторная работа № 3\n",
    "## Двойственный симплекс метод\n",
    "## Дополнительное задание"
   ]
  },
  {
   "cell_type": "markdown",
   "id": "lovely-quarter",
   "metadata": {},
   "source": [
    "### Выполнил: Яковлев Артур, 853501\n",
    "### Проверила: Костюкова О.И."
   ]
  },
  {
   "cell_type": "markdown",
   "id": "graduate-curtis",
   "metadata": {},
   "source": [
    "### Вариант 7"
   ]
  },
  {
   "cell_type": "markdown",
   "id": "stable-territory",
   "metadata": {},
   "source": [
    "Импорт необходиых модулей"
   ]
  },
  {
   "cell_type": "code",
   "execution_count": 18,
   "id": "plastic-pledge",
   "metadata": {},
   "outputs": [],
   "source": [
    "import numpy as np\n",
    "import scipy.linalg as sla\n",
    "from copy import deepcopy\n",
    "from warnings import filterwarnings\n",
    "\n",
    "\n",
    "filterwarnings('ignore')"
   ]
  },
  {
   "cell_type": "markdown",
   "id": "noble-mailing",
   "metadata": {},
   "source": [
    "Исходные данные для пункта а)"
   ]
  },
  {
   "cell_type": "code",
   "execution_count": 12,
   "id": "divided-discretion",
   "metadata": {},
   "outputs": [],
   "source": [
    "dataset = {\n",
    "    'A': np.array([\n",
    "        [ 1., -1., 0.,  2., -1., -1., 2., 1., 7.],\n",
    "        [-1.,  2., 1.,  3.,  0.,  1., 1., 1., 1.],\n",
    "        [ 1., -1., 1.,  0.,  1.,  4., 4., 1., 2.],\n",
    "        [ 1., -3., 0., -8.,  2.,  3., 0., 1., 1.]\n",
    "    ]),\n",
    "    'c': np.array([12., -24., -6., -34., -1., 4., 7., 3., 23.]),\n",
    "    'b': np.array([2.5, 22., 36.5, -18.]),\n",
    "    'lower': np.array([-1., -4., -1., 4., -3., 4., 0., -1., -4.]),\n",
    "    'upper': np.array([3., 0., 6., 7., 4., 8., 4., 4., 1.]),\n",
    "    'Jb': [0, 2, 5, 8],\n",
    "}\n",
    "eps = 1e-9"
   ]
  },
  {
   "cell_type": "markdown",
   "id": "graphic-semester",
   "metadata": {},
   "source": [
    "Исходные данные для пункта б)"
   ]
  },
  {
   "cell_type": "code",
   "execution_count": 13,
   "id": "afraid-reach",
   "metadata": {},
   "outputs": [],
   "source": [
    "dataset_b = {\n",
    "    'A': np.array([\n",
    "        [ 1., -1., 0.,  2., -1., -1., 2., 1., 7.],\n",
    "        [-1.,  2., 1.,  3.,  0.,  1., 1., 1., 1.],\n",
    "        [ 1., -1., 1.,  0.,  1.,  4., 4., 1., 2.],\n",
    "        [ 1., -3., 0., -8.,  2.,  3., 0., 1., 1.]\n",
    "    ]),\n",
    "    'c': np.array([12., -24., -6., -34., -1., 4., 7., 3., 23.]),\n",
    "    'b': np.array([2.5, 22., 36.5, -18.]),\n",
    "    'lower': np.array([-1., -4., -1., 4., -3., 4., 0., -1., -4.]),\n",
    "    'upper': np.array([3., 0., 6., 7., 4., 8., 4., 4., 1.]),\n",
    "    'Jb': [0, 2, 3, 4],\n",
    "}"
   ]
  },
  {
   "cell_type": "markdown",
   "id": "charming-hebrew",
   "metadata": {},
   "source": [
    "Исходные данные для пункта в)"
   ]
  },
  {
   "cell_type": "code",
   "execution_count": 14,
   "id": "signal-carrier",
   "metadata": {},
   "outputs": [],
   "source": [
    "dataset_c = {\n",
    "    'A': np.array([\n",
    "        [ 1., -1., 0.,  2., -1., -1., 2., 1., 7.],\n",
    "        [-1.,  2., 1.,  3.,  0.,  1., 1., 1., 1.],\n",
    "        [ 1., -1., 1.,  0.,  1.,  4., 4., 1., 2.],\n",
    "        [ 1., -3., 0., -8.,  2.,  3., 0., 1., 1.]\n",
    "    ]),\n",
    "    'c': np.array([12., -24., -6., -34., -1., 4., 7., 3., 23.]),\n",
    "    'b': np.array([2., -20., -4., -10.]),\n",
    "    'lower': np.array([-1., -4., -1., 4., -3., 4., 0., -1., -4.]),\n",
    "    'upper': np.array([3., 0., 6., 7., 4., 8., 4., 4., 1.]),\n",
    "    'Jb': [0, 2, 5, 8],\n",
    "}"
   ]
  },
  {
   "cell_type": "markdown",
   "id": "royal-region",
   "metadata": {},
   "source": [
    "Исходные данные для пункта г)"
   ]
  },
  {
   "cell_type": "code",
   "execution_count": 15,
   "id": "three-stomach",
   "metadata": {},
   "outputs": [],
   "source": [
    "dataset_d = {\n",
    "    'A': np.array([\n",
    "        [ 1., -1., 0.,  2., -1., -1., 2., 1., 7.],\n",
    "        [-1.,  2., 1.,  3.,  0.,  1., 1., 1., 1.],\n",
    "        [ 1., -1., 1.,  0.,  1.,  4., 4., 1., 2.],\n",
    "        [ 1., -3., 0., -8.,  2.,  3., 0., 1., 1.]\n",
    "    ]),\n",
    "    'c': np.array([12., -24., -6., -34., -1., 4., 7., 3., 23.]),\n",
    "    'b': np.array([2.5, 22., 36.5, -18.]),\n",
    "    'lower': np.array([-1., -4., -1., 4., -3., 4., 0., -1., -4.]),\n",
    "    'upper': np.array([3., 0., -1., 7., -3., 8., 4., 4., 1.]),\n",
    "    'Jb': [0, 2, 5, 8],\n",
    "}"
   ]
  },
  {
   "cell_type": "markdown",
   "id": "cloudy-wilderness",
   "metadata": {},
   "source": [
    "Реализация двойственного симплекс метода с ограничениями"
   ]
  },
  {
   "cell_type": "code",
   "execution_count": 16,
   "id": "obvious-klein",
   "metadata": {},
   "outputs": [],
   "source": [
    "def solve(data, max_iters=20, verbose=True):\n",
    "    dataset = deepcopy(data)\n",
    "    B = sla.inv(dataset['A'][:, dataset['Jb']])\n",
    "    \n",
    "    if verbose:\n",
    "        print(f'A_b = {dataset[\"A\"][:, dataset[\"Jb\"]]}')\n",
    "        print(f'c_b = {dataset[\"c\"][dataset[\"Jb\"]]}')\n",
    "        print(f'B = {B}')\n",
    "        print(f'Jb = {dataset[\"Jb\"]}')\n",
    "    \n",
    "    # Step 1\n",
    "    y = dataset['c'][dataset['Jb']] @ B\n",
    "    delta_j = y @ dataset['A'] - dataset['c']\n",
    "    Jn = [i for i in range(dataset['c'].shape[0]) if i not in dataset['Jb']]\n",
    "    Jn_pos = [i for i in Jn if delta_j[i] > -eps]\n",
    "    Jn_neg = [i for i in Jn if delta_j[i] <= -eps]\n",
    "    \n",
    "    if verbose:\n",
    "        print('\\nStep 1\\n')\n",
    "        print(f'y = {y}')\n",
    "        print(f'delta j = {delta_j}')\n",
    "        print(f'Jn = {Jn}')\n",
    "        print(f'Jn+ = {Jn_pos}')\n",
    "        print(f'Jn- = {Jn_neg}')\n",
    "    \n",
    "    for it in range(max_iters):\n",
    "        # Step 2\n",
    "        x = np.zeros(dataset['c'].shape[0])\n",
    "        x[Jn_pos] = dataset['lower'][Jn_pos]\n",
    "        x[Jn_neg] = dataset['upper'][Jn_neg]\n",
    "        x[dataset['Jb']] = B.dot(dataset['b'] - np.sum(dataset['A'][:, Jn] * x[Jn], axis=1))\n",
    "        # x[dataset['Jb']] = B.dot(dataset['b'] - sum([dataset['A'][:, j].dot(x[j]) for j in Jn]))\n",
    "        \n",
    "        if verbose:\n",
    "            print('\\n===========================================\\n')\n",
    "            print(f'Iteration {it + 1}')\n",
    "            print('\\nStep 2\\n')\n",
    "            print(f'x = {x}')\n",
    "\n",
    "        # Step 3\n",
    "        if np.all(dataset['lower'] < x + eps) and np.all(x - eps < dataset['upper']):\n",
    "            print(f'\\nOptimal plan: {x}\\n')\n",
    "            print(f'cx = {dataset[\"c\"] @ x}')\n",
    "            return\n",
    "\n",
    "        # Step 4\n",
    "        for i in range(len(dataset['Jb'])):\n",
    "            j_i = dataset['Jb'][i]\n",
    "            if dataset['lower'][j_i] > x[j_i] or x[j_i] > dataset['upper'][j_i]:\n",
    "                j_k = i\n",
    "                break\n",
    "        \n",
    "        if verbose:\n",
    "            print('\\nStep 4\\n')\n",
    "            print(f'jk = {dataset[\"Jb\"][j_k]}')\n",
    "\n",
    "        # Step 5\n",
    "        mu_jk = 1 if x[dataset[\"Jb\"][j_k]] < dataset['lower'][dataset[\"Jb\"][j_k]] else -1\n",
    "        delta_y = mu_jk * B[j_k]\n",
    "        mu_j = delta_y @ dataset['A']\n",
    "        \n",
    "        if verbose:\n",
    "            print('\\nStep 5\\n')\n",
    "            print(f'mu_jk = {mu_jk}')\n",
    "            print(f'delta y = {delta_y}')\n",
    "            print(f'mu_j = {mu_j}')\n",
    "\n",
    "        # Step 6\n",
    "        sigma_j = np.array([np.inf] * dataset['c'].shape[0])\n",
    "        for i in Jn_pos:\n",
    "            if mu_j[i] < eps:\n",
    "                sigma_j[i] = -delta_j[i] / mu_j[i]\n",
    "\n",
    "        for i in Jn_neg:\n",
    "            if mu_j[i] > -eps:\n",
    "                sigma_j[i] = -delta_j[i] / mu_j[i]\n",
    "        \n",
    "        j0 = np.argmin(sigma_j)\n",
    "        sigma0 = sigma_j[j0]\n",
    "        # To prevent -inf as sigma0\n",
    "        while sigma0 == -np.inf:\n",
    "            sigma_j[j0] = np.inf\n",
    "            j0 = np.argmin(sigma_j)\n",
    "            sigma0 = sigma_j[j0]\n",
    "        \n",
    "        if verbose:\n",
    "            print('\\nStep 6\\n')\n",
    "            print(f'sigma_j = {sigma_j}')\n",
    "            print(f'j* = {j0}')\n",
    "            print(f'sigma0 = {sigma0}')\n",
    "\n",
    "        # Step 7\n",
    "        if sigma0 == np.inf:\n",
    "            print('\\nSolution does not exist')\n",
    "            return\n",
    "\n",
    "        # Step 8\n",
    "        delta_j += sigma0 * mu_j\n",
    "        dataset['Jb'].pop(j_k)\n",
    "        delta_j[dataset['Jb']] = 0.\n",
    "        dataset['Jb'] = [j0] + dataset['Jb']\n",
    "        # dataset['Jb'].sort()\n",
    "        \n",
    "        if verbose:\n",
    "            print('\\nStep 8\\n')\n",
    "            print(f'New delta j = {delta_j}')\n",
    "            print(f'Jb = {dataset[\"Jb\"]}')\n",
    "        \n",
    "        # Step 9\n",
    "        B = sla.inv(dataset['A'][:, dataset['Jb']])\n",
    "        Jn = [i for i in range(dataset['c'].shape[0]) if i not in dataset['Jb']]\n",
    "        Jn_pos = [i for i in Jn if delta_j[i] > -eps]\n",
    "        Jn_neg = [i for i in Jn if delta_j[i] <= -eps]\n",
    "        \n",
    "        if verbose:\n",
    "            print('\\nStep 9\\n')\n",
    "            print(f'A_b = {dataset[\"A\"][:, dataset[\"Jb\"]]}')\n",
    "            print(f'B = {B}')\n",
    "            print(f'Jn = {Jn}')\n",
    "            print(f'Jn+ = {Jn_pos}')\n",
    "            print(f'Jn- = {Jn_neg}')\n",
    "        \n",
    "    print(f'\\nBest found solution: {x}')"
   ]
  },
  {
   "cell_type": "markdown",
   "id": "ready-contrary",
   "metadata": {},
   "source": [
    "**Задача а)**"
   ]
  },
  {
   "cell_type": "code",
   "execution_count": 19,
   "id": "korean-thesis",
   "metadata": {},
   "outputs": [
    {
     "name": "stdout",
     "output_type": "stream",
     "text": [
      "A_b = [[ 1.  0. -1.  7.]\n",
      " [-1.  1.  1.  1.]\n",
      " [ 1.  1.  4.  2.]\n",
      " [ 1.  0.  3.  1.]]\n",
      "c_b = [12. -6.  4. 23.]\n",
      "B = [[ 0.         -1.          1.         -1.        ]\n",
      " [-0.09090909 -0.45454545  1.45454545 -1.81818182]\n",
      " [-0.04545455  0.27272727 -0.27272727  0.59090909]\n",
      " [ 0.13636364  0.18181818 -0.18181818  0.22727273]]\n",
      "Jb = [0, 2, 5, 8]\n",
      "\n",
      "Step 1\n",
      "\n",
      "y = [ 3.5 -4.  -2.   6.5]\n",
      "delta j = [ 1.77635684e-15 -5.00000000e+00  8.88178420e-16 -2.30000000e+01\n",
      "  8.50000000e+00 -1.77635684e-15 -1.20000000e+01  1.00000000e+00\n",
      "  1.06581410e-14]\n",
      "Jn = [1, 3, 4, 6, 7]\n",
      "Jn+ = [4, 7]\n",
      "Jn- = [1, 3, 6]\n",
      "\n",
      "===========================================\n",
      "\n",
      "Iteration 1\n",
      "\n",
      "Step 2\n",
      "\n",
      "x = [-18.5          0.         -43.31818182   7.          -3.\n",
      "  20.34090909   4.          -1.           2.47727273]\n",
      "\n",
      "Step 4\n",
      "\n",
      "jk = 0\n",
      "\n",
      "Step 5\n",
      "\n",
      "mu_jk = 1\n",
      "delta y = [ 0. -1.  1. -1.]\n",
      "mu_j = [ 1.  0.  0.  5. -1.  0.  3. -1.  0.]\n",
      "\n",
      "Step 6\n",
      "\n",
      "sigma_j = [inf inf inf 4.6 8.5 inf 4.  1.  inf]\n",
      "j* = 7\n",
      "sigma0 = 1.0000000000000018\n",
      "\n",
      "Step 8\n",
      "\n",
      "New delta j = [  1.   -5.    0.  -18.    7.5   0.   -9.    0.    0. ]\n",
      "Jb = [7, 2, 5, 8]\n",
      "\n",
      "Step 9\n",
      "\n",
      "A_b = [[ 1.  0. -1.  7.]\n",
      " [ 1.  1.  1.  1.]\n",
      " [ 1.  1.  4.  2.]\n",
      " [ 1.  0.  3.  1.]]\n",
      "B = [[ 0.          1.         -1.          1.        ]\n",
      " [-0.09090909  0.45454545  0.54545455 -0.90909091]\n",
      " [-0.04545455 -0.27272727  0.27272727  0.04545455]\n",
      " [ 0.13636364 -0.18181818  0.18181818 -0.13636364]]\n",
      "Jn = [0, 1, 3, 4, 6]\n",
      "Jn+ = [0, 4]\n",
      "Jn- = [1, 3, 6]\n",
      "\n",
      "===========================================\n",
      "\n",
      "Iteration 2\n",
      "\n",
      "Step 2\n",
      "\n",
      "x = [ -1.           0.         -27.40909091   7.          -3.\n",
      "  10.79545455   4.          16.5         -3.88636364]\n",
      "\n",
      "Step 4\n",
      "\n",
      "jk = 7\n",
      "\n",
      "Step 5\n",
      "\n",
      "mu_jk = -1\n",
      "delta y = [-0. -1.  1. -1.]\n",
      "mu_j = [ 1.  0.  0.  5. -1.  0.  3. -1.  0.]\n",
      "\n",
      "Step 6\n",
      "\n",
      "sigma_j = [inf inf inf 3.6 7.5 inf 3.  inf inf]\n",
      "j* = 6\n",
      "sigma0 = 2.999999999999997\n",
      "\n",
      "Step 8\n",
      "\n",
      "New delta j = [ 4.  -5.   0.  -3.   4.5  0.   0.  -3.   0. ]\n",
      "Jb = [6, 2, 5, 8]\n",
      "\n",
      "Step 9\n",
      "\n",
      "A_b = [[ 2.  0. -1.  7.]\n",
      " [ 1.  1.  1.  1.]\n",
      " [ 4.  1.  4.  2.]\n",
      " [ 0.  0.  3.  1.]]\n",
      "B = [[-5.55111512e-17 -3.33333333e-01  3.33333333e-01 -3.33333333e-01]\n",
      " [-9.09090909e-02  1.27272727e+00 -2.72727273e-01 -9.09090909e-02]\n",
      " [-4.54545455e-02 -3.03030303e-02  3.03030303e-02  2.87878788e-01]\n",
      " [ 1.36363636e-01  9.09090909e-02 -9.09090909e-02  1.36363636e-01]]\n",
      "Jn = [0, 1, 3, 4, 7]\n",
      "Jn+ = [0, 4]\n",
      "Jn- = [1, 3, 7]\n",
      "\n",
      "===========================================\n",
      "\n",
      "Iteration 3\n",
      "\n",
      "Step 2\n",
      "\n",
      "x = [ -1.           0.         -17.18181818   7.          -3.\n",
      "  13.82575758  -0.16666667   4.          -0.47727273]\n",
      "\n",
      "Step 4\n",
      "\n",
      "jk = 6\n",
      "\n",
      "Step 5\n",
      "\n",
      "mu_jk = 1\n",
      "delta y = [-5.55111512e-17 -3.33333333e-01  3.33333333e-01 -3.33333333e-01]\n",
      "mu_j = [ 3.33333333e-01  5.55111512e-17  0.00000000e+00  1.66666667e+00\n",
      " -3.33333333e-01  0.00000000e+00  1.00000000e+00 -3.33333333e-01\n",
      " -3.88578059e-16]\n",
      "\n",
      "Step 6\n",
      "\n",
      "sigma_j = [           inf 9.00719925e+16            inf 1.80000000e+00\n",
      " 1.35000000e+01            inf            inf            inf\n",
      "            inf]\n",
      "j* = 3\n",
      "sigma0 = 1.800000000000005\n",
      "\n",
      "Step 8\n",
      "\n",
      "New delta j = [ 4.6 -5.   0.   0.   3.9  0.   1.8 -3.6  0. ]\n",
      "Jb = [3, 2, 5, 8]\n",
      "\n",
      "Step 9\n",
      "\n",
      "A_b = [[ 2.  0. -1.  7.]\n",
      " [ 3.  1.  1.  1.]\n",
      " [ 0.  1.  4.  2.]\n",
      " [-8.  0.  3.  1.]]\n",
      "B = [[-0.         -0.2         0.2        -0.2       ]\n",
      " [-0.09090909  2.14545455 -1.14545455  0.78181818]\n",
      " [-0.04545455 -0.52727273  0.52727273 -0.20909091]\n",
      " [ 0.13636364 -0.01818182  0.01818182  0.02727273]]\n",
      "Jn = [0, 1, 4, 6, 7]\n",
      "Jn+ = [0, 4, 6]\n",
      "Jn- = [1, 7]\n",
      "\n",
      "===========================================\n",
      "\n",
      "Iteration 4\n",
      "\n",
      "Step 2\n",
      "\n",
      "x = [ -1.           0.         -16.74545455   6.9         -3.\n",
      "  13.57727273   0.           4.          -0.53181818]\n",
      "\n",
      "Step 4\n",
      "\n",
      "jk = 2\n",
      "\n",
      "Step 5\n",
      "\n",
      "mu_jk = 1\n",
      "delta y = [-0.09090909  2.14545455 -1.14545455  0.78181818]\n",
      "mu_j = [-2.60000000e+00  3.18181818e+00  1.00000000e+00 -1.94289029e-16\n",
      "  5.09090909e-01  0.00000000e+00 -2.61818182e+00  1.69090909e+00\n",
      " -1.11022302e-16]\n",
      "\n",
      "Step 6\n",
      "\n",
      "sigma_j = [1.76923077 1.57142857        inf        inf        inf        inf\n",
      " 0.6875     2.12903226        inf]\n",
      "j* = 6\n",
      "sigma0 = 0.6875000000000019\n",
      "\n",
      "Step 8\n",
      "\n",
      "New delta j = [ 2.8125 -2.8125  0.6875  0.      4.25    0.      0.     -2.4375  0.    ]\n",
      "Jb = [6, 3, 5, 8]\n",
      "\n",
      "Step 9\n",
      "\n",
      "A_b = [[ 2.  2. -1.  7.]\n",
      " [ 1.  3.  1.  1.]\n",
      " [ 4.  0.  4.  2.]\n",
      " [ 0. -8.  3.  1.]]\n",
      "B = [[ 0.03472222 -0.81944444  0.4375     -0.29861111]\n",
      " [-0.02083333  0.29166667 -0.0625     -0.02083333]\n",
      " [-0.09722222  0.69444444 -0.125       0.23611111]\n",
      " [ 0.125       0.25       -0.125       0.125     ]]\n",
      "Jn = [0, 1, 2, 4, 7]\n",
      "Jn+ = [0, 2, 4]\n",
      "Jn- = [1, 7]\n",
      "\n",
      "===========================================\n",
      "\n",
      "Iteration 5\n",
      "\n",
      "Step 2\n",
      "\n",
      "x = [-1.          0.         -1.          3.29166667 -3.          4.61111111\n",
      "  6.01388889  4.         -2.5       ]\n",
      "\n",
      "Step 4\n",
      "\n",
      "jk = 6\n",
      "\n",
      "Step 5\n",
      "\n",
      "mu_jk = -1\n",
      "delta y = [-0.03472222  0.81944444 -0.4375      0.29861111]\n",
      "mu_j = [-9.93055556e-01  1.21527778e+00  3.81944444e-01  2.22044605e-16\n",
      "  1.94444444e-01  0.00000000e+00 -1.00000000e+00  6.45833333e-01\n",
      "  0.00000000e+00]\n",
      "\n",
      "Step 6\n",
      "\n",
      "sigma_j = [2.83216783 2.31428571        inf        inf        inf        inf\n",
      "        inf 3.77419355        inf]\n",
      "j* = 1\n",
      "sigma0 = 2.314285714285709\n",
      "\n",
      "Step 8\n",
      "\n",
      "New delta j = [ 0.51428571  0.          1.57142857  0.          4.7         0.\n",
      " -2.31428571 -0.94285714  0.        ]\n",
      "Jb = [1, 3, 5, 8]\n",
      "\n",
      "Step 9\n",
      "\n",
      "A_b = [[-1.  2. -1.  7.]\n",
      " [ 2.  3.  1.  1.]\n",
      " [-1.  0.  4.  2.]\n",
      " [-3. -8.  3.  1.]]\n",
      "B = [[-2.85714286e-02  6.74285714e-01 -3.60000000e-01  2.45714286e-01]\n",
      " [-5.55111512e-17 -2.00000000e-01  2.00000000e-01 -2.00000000e-01]\n",
      " [-7.14285714e-02  8.57142857e-02  2.00000000e-01  1.42857143e-02]\n",
      " [ 1.28571429e-01  1.65714286e-01 -8.00000000e-02  9.42857143e-02]]\n",
      "Jn = [0, 2, 4, 6, 7]\n",
      "Jn+ = [0, 2, 4]\n",
      "Jn- = [6, 7]\n",
      "\n",
      "===========================================\n",
      "\n",
      "Iteration 6\n",
      "\n",
      "Step 2\n",
      "\n",
      "x = [-1.         -1.65714286 -1.          4.5        -3.          6.10714286\n",
      "  4.          4.         -2.29285714]\n",
      "\n",
      "Optimal plan: [-1.         -1.65714286 -1.          4.5        -3.          6.10714286\n",
      "  4.          4.         -2.29285714]\n",
      "\n",
      "cx = -104.53571428571429\n"
     ]
    }
   ],
   "source": [
    "solve(dataset)"
   ]
  },
  {
   "cell_type": "markdown",
   "id": "material-storm",
   "metadata": {},
   "source": [
    "**Задача б)**"
   ]
  },
  {
   "cell_type": "code",
   "execution_count": 20,
   "id": "primary-rescue",
   "metadata": {},
   "outputs": [
    {
     "name": "stdout",
     "output_type": "stream",
     "text": [
      "\n",
      "Optimal plan: [-1.         -1.65714286 -1.          4.5        -3.          6.10714286\n",
      "  4.          4.         -2.29285714]\n",
      "\n",
      "cx = -104.5357142857143\n"
     ]
    }
   ],
   "source": [
    "solve(dataset_b, verbose=False)"
   ]
  },
  {
   "cell_type": "markdown",
   "id": "returning-columbia",
   "metadata": {},
   "source": [
    "**Задача в)**"
   ]
  },
  {
   "cell_type": "code",
   "execution_count": 21,
   "id": "deluxe-provider",
   "metadata": {},
   "outputs": [
    {
     "name": "stdout",
     "output_type": "stream",
     "text": [
      "\n",
      "Solution does not exist\n"
     ]
    }
   ],
   "source": [
    "solve(dataset_c, verbose=False)"
   ]
  },
  {
   "cell_type": "markdown",
   "id": "falling-myanmar",
   "metadata": {},
   "source": [
    "**Задача г)**"
   ]
  },
  {
   "cell_type": "code",
   "execution_count": 22,
   "id": "understood-prairie",
   "metadata": {},
   "outputs": [
    {
     "name": "stdout",
     "output_type": "stream",
     "text": [
      "\n",
      "Optimal plan: [-1.         -1.65714286 -1.          4.5        -3.          6.10714286\n",
      "  4.          4.         -2.29285714]\n",
      "\n",
      "cx = -104.53571428571429\n"
     ]
    }
   ],
   "source": [
    "solve(dataset_d, verbose=False)"
   ]
  }
 ],
 "metadata": {
  "kernelspec": {
   "display_name": "Python 3",
   "language": "python",
   "name": "python3"
  },
  "language_info": {
   "codemirror_mode": {
    "name": "ipython",
    "version": 3
   },
   "file_extension": ".py",
   "mimetype": "text/x-python",
   "name": "python",
   "nbconvert_exporter": "python",
   "pygments_lexer": "ipython3",
   "version": "3.6.9"
  }
 },
 "nbformat": 4,
 "nbformat_minor": 5
}
